reset_xw: [0.9327130680359041, 0.7208165913546171, 0.8987744348998077];[0.7576738272544368, 0.9173437542392285, 0.33901890893553555];[0.9460416998687007, 0.7976714967597132, 0.5823793677103115];[0.5299986832910112, 0.6404115364383778, 0.5386575622967219]
reset_hw: [0.32751105366240685, 0.0375974605988435, 0.17566474789894082, 0.25025057157940134];[0.7986053909016188, 0.7565865062364564, 0.1599488116989516, 0.8398376422370983];[0.0037009962892844417, 0.8339599288476834, 0.38425213445636586, 0.5499265324463883];[0.6866282182633655, 0.09482941997173122, 0.7988541569866071, 0.882391881706773]
reset_b: [0.48041562001939087];[0.4894990154262654];[0.6992830327385705];[0.6844319416655963]
update_xw: [0.11785982251951777, 0.7989879140099381, 0.8644032290040605];[0.5838411046959558, 0.6935571109193469, 0.41898675206378433];[0.13082554541071967, 0.8129529680808404, 0.7594154594584338];[0.5564166220646124, 0.5234338484015009, 0.32390758823596066]
update_hw: [0.18560497532248865, 0.7478732132755875, 0.6497466888839633, 0.9565684643412851];[0.3549266952981266, 0.11026193815921459, 0.14829779717765101, 0.9158410788291852];[0.7149428784571951, 0.4975517369146858, 0.3916309917761158, 0.009116329487791286];[0.7971164421273192, 0.2390157007342647, 0.6704561561429416, 0.8946347232223072]
update_b: [0.946223125508137];[0.4945388475222836];[0.3305279919186206];[0.757697868398371]
state_xw: [0.0891200925410296, 0.5985009087622313, 0.8406650970662672];[0.16159519263439404, 0.5490090055929345, 0.6836726290707893];[0.713700668568005, 0.5141032590169562, 0.22992688564057817];[0.0023417608557586567, 0.1356187617632303, 0.15959898975961406]
state_b: [0.004909028436668628];[0.6248499393044987];[0.17618460847160955];[0.77258262696767]
